              precision    recall  f1-score   support

    airplane     0.6891    0.8200    0.7489       100
        bird     0.5789    0.5500    0.5641       100
         car     0.5549    0.9100    0.6894       100
         cat     0.5867    0.4400    0.5029       100
        deer     0.4744    0.7400    0.5781       100
         dog     0.6842    0.2600    0.3768       100
       horse     0.6017    0.7100    0.6514       100
      monkey     0.5854    0.4800    0.5275       100
        ship     0.8659    0.7100    0.7802       100
       truck     0.7887    0.5600    0.6550       100

    accuracy                         0.6180      1000
   macro avg     0.6410    0.6180    0.6074      1000
weighted avg     0.6410    0.6180    0.6074      1000
