              precision    recall  f1-score   support

    airplane     0.8351    0.8100    0.8223       100
        bird     0.4880    0.6100    0.5422       100
         car     0.7059    0.8400    0.7671       100
         cat     0.5143    0.5400    0.5268       100
        deer     0.6139    0.6200    0.6169       100
         dog     0.4792    0.2300    0.3108       100
       horse     0.6071    0.6800    0.6415       100
      monkey     0.4958    0.5900    0.5388       100
        ship     0.7368    0.7000    0.7179       100
       truck     0.7468    0.5900    0.6592       100

    accuracy                         0.6210      1000
   macro avg     0.6223    0.6210    0.6144      1000
weighted avg     0.6223    0.6210    0.6144      1000
