              precision    recall  f1-score   support

    airplane     0.7879    0.7800    0.7839       100
        bird     0.5155    0.5000    0.5076       100
         car     0.7303    0.6500    0.6878       100
         cat     0.4400    0.5500    0.4889       100
        deer     0.6026    0.4700    0.5281       100
         dog     0.3723    0.3500    0.3608       100
       horse     0.5670    0.5500    0.5584       100
      monkey     0.4505    0.5000    0.4739       100
        ship     0.7895    0.7500    0.7692       100
       truck     0.5565    0.6400    0.5953       100

    accuracy                         0.5740      1000
   macro avg     0.5812    0.5740    0.5754      1000
weighted avg     0.5812    0.5740    0.5754      1000
