              precision    recall  f1-score   support

    airplane     0.8588    0.7300    0.7892       100
        bird     0.5050    0.5100    0.5075       100
         car     0.7816    0.6800    0.7273       100
         cat     0.4464    0.5000    0.4717       100
        deer     0.6203    0.4900    0.5475       100
         dog     0.3609    0.4800    0.4120       100
       horse     0.5876    0.5700    0.5787       100
      monkey     0.4862    0.5300    0.5072       100
        ship     0.7802    0.7100    0.7435       100
       truck     0.6415    0.6800    0.6602       100

    accuracy                         0.5880      1000
   macro avg     0.6069    0.5880    0.5945      1000
weighted avg     0.6069    0.5880    0.5945      1000
